software shm_open /bdbm8606 returned 3 with errno 0
bsim PCIe interface init done!
Starting Data Sending using DMA 
Sending Matrix A 
adfadsf
Sending Matrix A is Done 
Sending Matrix B 
Sending Matrix B is Done 

1947 3193 2689 3460 2702 1869 1378 1366 957 2642 1796 2351 3722 2203 1537 1591 2133 495 1280 1273 2913 2280 3853 2739 3658 1127 2396 1099 2128 2432 953 1279 2629 803 2970 2319 2311 1022 1267 3341 3079 3687 714 1284 1082 1629 2636 2831 3120 3634 2311 3467 2095 2447 2788 1070 713 2375 1681 1725 2302 2535 2395 586 
2073 681 2348 2100 1991 1195 2961 3398 2403 2511 472 2091 2369 1982 3200 1345 1487 3395 1934 2994 3995 2565 1102 665 925 2739 443 1874 3541 2272 2090 2204 1442 2782 3882 2109 1838 2857 3661 2763 2109 1798 1703 1649 871 3013 1663 2280 1913 1940 3037 2512 1544 713 481 2776 1811 1386 2506 1467 2434 2135 1811 2301 
3075 1284 887 2889 1823 3102 751 844 3582 2551 1516 1439 2274 3110 1459 3113 928 1245 1448 1442 2704 1993 1709 2275 786 2494 1399 1350 1705 1645 3124 2470 3184 3036 2541 2235 2983 307 2369 1642 2089 1936 1438 2389 759 1470 2363 3837 2366 2031 1658 1501 1646 1816 1242 1915 2317 1496 2921 2700 2650 1995 2467 1799 
2784 1023 2545 2034 561 2739 3020 1067 779 3249 3456 2924 2285 951 2214 623 1635 2400 1321 2024 1216 232 1832 3054 1495 2695 571 1988 1956 3374 2012 2777 978 3235 712 1147 1144 2513 1547 1336 2068 2539 2330 2857 3071 3946 1516 2212 2205 307 545 1537 2389 3062 2212 2385 2215 1931 1170 441 805 2713 3418 2778 
2031 2781 2821 397 1983 1924 2148 1872 1431 3495 1857 598 991 2522 1465 3252 2834 1187 1119 2889 1078 1628 2890 2314 2197 3439 837 1994 2790 3291 1458 2122 1616 2140 2344 2275 249 1962 892 2695 2019 2233 1814 1394 2023 2357 1129 2906 1161 2290 2006 1455 1411 2052 1531 2681 1830 2675 1892 3316 2384 2155 2904 2628 
1864 1899 1778 2257 2308 954 2125 1905 1578 1842 3173 902 329 975 1100 2223 3295 1275 2706 1660 1500 2965 1289 2074 1063 1273 3644 3179 1369 2316 381 2087 1552 1502 2255 2461 711 1416 2669 3199 2536 2666 1330 3152 3338 2330 2133 1176 3029 2221 2384 1789 2524 3333 2961 1932 2450 2184 1810 2777 1889 1554 3261 1209 
2120 1582 1942 1349 1936 1215 3011 1950 3408 3384 2267 1690 2009 2070 2168 1037 2883 3385 2035 3033 3004 3334 2400 471 1775 980 2635 2099 2949 1329 2887 2742 3580 1799 2616 2000 2646 2133 1450 2515 532 1630 1997 1548 2278 3414 2066 2653 2559 753 707 2764 1724 2413 3887 1265 1797 2048 2919 1243 1999 2289 1646 2157 
3910 1095 566 1893 2086 2724 3203 3622 2102 2930 1932 1500 1393 2060 1898 2534 2990 1701 2723 1504 2953 1033 1985 2145 2969 1400 2725 3402 247 927 2744 2185 2852 1248 2376 1406 2153 2282 1691 2654 2425 1187 2238 562 2635 451 2191 2166 2285 1502 2494 2378 3223 1278 329 478 2105 1600 2948 2367 3369 907 2064 3937 
889 2725 3197 2769 3317 2413 2968 921 1291 1710 3879 2446 913 1730 3153 3370 2346 1834 1537 1632 1394 1402 1251 3113 2920 2363 1669 815 1786 3256 2575 535 1487 2356 2341 2901 2972 2010 3284 3355 1168 1375 3297 2783 2534 962 345 2019 1682 1606 1960 3212 2626 1950 2730 1244 643 739 2555 1954 1958 1963 2591 1815 
1084 2618 2103 1582 1306 2486 2892 3241 507 2303 1790 706 2889 2090 1133 2358 2154 1281 2711 1154 1607 2469 2183 1331 1922 2100 2889 1543 1359 3003 2791 2600 2379 1239 3094 2570 3311 848 2504 1891 1523 1998 2445 2621 2840 2712 1818 2425 3297 2151 2693 2046 3221 2715 1764 2233 682 2284 1515 2080 2019 2176 1142 200 
1256 2491 1535 2483 1403 1709 1041 2088 3104 1125 2963 1100 2734 3020 2273 3027 2050 1259 2011 1283 2517 1489 1268 3526 2253 2090 928 2234 1629 2426 3521 2633 2396 2023 2539 1913 1407 2270 2209 3095 2020 2681 751 2820 1302 2753 898 1030 1940 2397 2306 1172 2828 1345 1438 2458 3332 2422 1822 3344 505 1669 811 3672 
513 759 1943 1805 1652 1409 3596 2202 1927 737 1786 1848 1029 503 2337 3479 573 2481 3482 2819 809 1690 1928 1768 2993 2894 1822 3090 1739 3066 2129 2413 865 1682 1719 1364 2181 1746 3140 2628 3458 884 2265 2055 2332 1282 2934 3413 2126 2858 2830 1536 1235 580 2967 2260 2678 1735 2081 1048 2092 1566 1908 410 
1318 1929 3548 1297 1683 1961 2171 764 1120 2166 1077 1784 1521 2613 1238 579 2158 3421 1715 1579 2423 1679 2880 3607 2299 2368 1219 2978 1323 3166 1100 813 1082 1539 2210 2339 757 1638 1992 658 1959 2169 3046 1760 1663 2274 3716 2307 2820 662 1580 690 3103 1558 1180 3058 846 672 2667 1963 2569 1668 2771 2401 
1210 411 930 1530 1960 2459 2874 1819 1410 3132 2196 2446 2367 2321 3829 3293 1928 347 2956 2309 2837 1815 2939 2919 2506 926 2647 836 2045 1771 3170 2808 1638 2751 1459 3058 2471 2472 2143 1014 1870 2075 2203 2305 2687 2029 2561 882 305 1891 742 1365 2395 1937 1541 2080 3100 710 2052 881 919 2430 3805 1769 
337 1349 563 1248 2206 1959 2277 2741 1199 1203 3311 1219 2266 2410 2858 2923 2204 598 472 1888 2283 2073 1985 3600 739 1693 2063 1973 2100 1274 2442 1964 1537 2163 1184 2945 3807 918 3348 1711 1941 1785 1236 2337 1657 2803 2204 1378 2460 1141 1625 2685 1945 2334 968 3236 463 3682 783 1725 3049 1589 3706 3482 
1943 3868 3523 1244 3783 2220 1071 2476 1896 2110 1836 900 1587 2259 3379 2730 2532 1901 3569 2834 1342 1939 703 2829 1693 1940 3115 599 980 1500 1426 3573 3154 1699 2394 1717 1212 1793 3101 2020 2789 1259 1730 915 548 3569 2136 2632 1693 243 1013 919 1736 3314 2740 2741 2632 972 2133 3303 3538 2154 2064 1122 
1422 2807 1857 1664 1736 2831 1927 994 1889 2417 935 2309 2619 1932 477 3031 3613 2449 842 2305 2574 1592 1606 2566 2098 1391 2201 776 971 1803 2220 2092 184 3852 3909 3274 2854 2248 1314 2323 2345 640 1284 2364 3355 2171 78 2730 1437 2159 1572 3350 1414 1925 2514 2264 2611 1892 1111 3349 2686 1562 2747 1002 
397 2933 1448 2327 3658 1900 1534 1840 2501 1395 2932 1791 1147 580 2084 2580 3029 2881 1858 2781 2909 2567 685 1073 1348 1868 1437 2329 2127 1806 503 1749 1219 1327 2334 1893 1249 383 2085 2595 2144 1399 1100 1590 2658 2980 2989 3022 3473 672 2005 1553 2935 778 581 1982 3119 2591 320 2188 1693 1824 2363 515 
2972 2111 2089 3842 1865 3008 1337 2251 2700 1588 1509 1022 3691 3545 3091 1161 2168 1111 3258 1794 3649 2571 1584 3536 2313 1798 399 280 2289 2950 1761 3436 3095 972 3483 2311 3392 1898 2022 2084 1947 2497 1891 909 3154 1754 1703 1849 2589 749 2617 2126 3012 2994 2938 1192 2298 1986 1357 1324 2655 767 1502 2721 
3127 856 2228 3043 2627 2565 2836 1811 1019 2234 1281 1096 1717 1463 1480 3135 1013 1367 1333 2981 2829 1880 504 3258 1209 1902 1394 2681 1321 2326 2008 2793 2732 316 621 2326 3425 1926 1428 2813 1991 3023 1683 886 1920 1382 1139 2040 2115 2091 2149 2363 2199 1918 1134 1070 1423 1973 1262 716 1489 1807 1943 2272 
2698 1851 2441 3150 2063 2410 1692 2458 2574 604 2432 1700 2847 2698 1800 2363 1955 2025 1308 403 3101 3352 3222 2643 2472 2354 3162 3663 1197 1500 2531 2757 619 2594 2474 2580 1726 2580 3512 3800 1287 2733 865 1945 863 2207 965 3550 1605 1340 1072 1667 2259 1564 1821 891 1165 1810 2091 2716 2945 1768 931 236 
1552 1938 2188 1272 784 1284 1702 2138 2492 1341 1644 2072 1032 2981 1024 2049 1740 1413 2621 2463 3368 418 2271 2027 1304 1586 1725 988 2844 179 1606 1693 3610 3274 3688 1793 1958 1257 2054 2235 3631 2033 2394 1840 738 1139 1407 952 1902 835 2370 528 2230 2795 785 2421 1253 1536 977 2314 2397 3416 1387 2531 
2049 2337 1700 2444 2279 2504 1537 3303 1854 1509 1028 1791 2889 2229 1630 1052 1193 2699 2266 1897 2646 2603 2144 3095 2060 2409 2712 2508 1267 822 2074 1447 1738 1850 1263 3143 1926 1976 1928 2526 2849 1532 1835 3231 1106 1414 3695 2311 2913 179 2061 638 2327 2152 3636 2420 2314 2168 2315 1068 2841 1102 1977 1946 
1197 2812 1803 2491 2339 2187 2510 2560 2098 1668 3004 2585 2033 2516 870 1360 1840 842 2800 2434 3217 554 3468 2900 3451 2004 2551 674 2113 2958 1728 313 2493 2979 2032 2365 2700 2815 3237 2170 2101 2643 3210 1965 2510 2244 735 2826 2940 1735 3051 2929 3356 2859 3558 2366 3571 1493 3163 2394 870 1189 1879 850 
1525 2545 1340 2153 1256 1174 529 1323 2032 3246 1961 1540 2150 2657 1459 2398 1370 2052 1441 2598 2237 3394 1681 2501 1303 1833 926 2937 1767 1584 1434 3279 2233 2458 999 2238 3085 1760 1827 2355 2223 1263 1830 2002 2796 362 1095 3048 2155 2133 1460 1566 2983 1822 1635 1670 626 2077 3386 1492 1521 3173 879 1876 
2665 972 2062 1286 2298 2022 3789 2546 1340 1709 1950 1339 1224 1837 1957 3364 1682 3151 2271 447 1698 2954 1857 2350 2326 2262 3327 3468 2172 1701 2602 3753 633 2942 2414 3737 2037 3315 3159 2625 3833 2899 2114 766 1991 3179 1074 2479 3129 1788 479 293 3294 1877 2251 1238 3213 1740 2633 2269 3004 1293 2487 3605 
1361 1933 1719 1235 2533 2981 1709 3053 1430 1117 2636 413 1893 2330 3613 1411 1333 1407 1922 2726 2156 375 1256 2002 1933 3621 2020 2131 2681 2375 1154 1333 256 2220 2897 680 3834 1496 2599 2690 2281 2398 1493 1603 2213 2013 690 1559 2041 1411 2672 2550 3289 3182 1064 2480 944 1865 2065 2658 1438 1994 2273 574 
2026 2711 1852 1911 963 3021 2758 2798 1290 2697 2741 3379 1657 3093 1841 920 2376 3022 1402 1899 2094 765 2166 2178 2249 667 2259 2380 3065 3825 1264 1314 1964 817 2251 1835 3815 2905 2590 942 914 1664 1520 1391 2563 2252 1345 2750 3067 1795 2084 2665 1413 1337 2755 1195 2705 2009 3795 1890 1704 2911 2463 868 
3155 1209 1443 2728 2715 1200 3194 2814 2950 3359 1818 1455 3185 2746 980 696 1696 1592 2366 1187 3096 1929 3046 2698 1757 1198 2017 3863 2924 3288 2479 2197 1904 718 1473 2408 3030 3501 2291 2357 1978 2078 1691 2938 2899 1420 2404 1141 1603 1227 3085 1554 974 1113 3740 812 2977 1491 1627 1184 949 2613 3201 2571 
2913 3780 857 3003 2551 2772 2056 2602 1492 2046 2572 1964 1585 3367 1455 2092 2971 2779 2197 2654 2977 1857 1071 1732 1486 2782 2133 2186 2917 467 2350 2339 2246 2227 1801 2939 2257 1513 2248 1404 3249 3180 1764 3176 217 2456 487 2173 1253 2432 1702 1400 1357 2093 2544 1471 2936 1972 2223 2573 1729 1670 1066 607 
3273 1613 2265 1510 1669 2292 3445 3156 2293 2772 2339 1578 439 1430 968 1380 1223 2533 533 1667 1747 2464 3922 2626 1903 2578 2362 2310 1816 2224 721 1821 2265 1809 1384 1747 2470 1654 3469 1102 530 112 1240 1492 1314 646 2681 1756 662 3601 2061 2845 1277 3261 1431 2686 2555 1617 2634 2421 2116 1909 2339 372 
2523 2646 2608 2002 1739 1883 1564 1007 1874 2173 1952 3506 1545 722 3317 4030 2849 3412 2376 3132 2117 398 2487 880 2241 2021 1249 2249 1684 3451 2004 738 1157 1445 2720 1559 2065 2292 2802 892 845 2861 1412 1169 2395 3919 2246 3072 3330 1978 547 1557 2333 2090 1653 1775 1664 3549 1934 1877 1696 1872 2463 952 
2103 1373 1771 2374 1411 1507 2490 3058 1920 1738 3840 2436 1991 1334 1981 3298 2233 1502 1535 2958 2136 1382 1018 2856 2663 73 3748 1658 1060 2032 2764 2112 1778 2629 1641 813 1579 2485 2050 3468 579 2992 2712 984 668 1326 2749 3119 3055 1089 2201 1784 842 1972 1663 2319 2670 508 1199 1830 2839 3250 1244 1325 
1287 2026 2497 1719 1987 502 502 1938 579 2722 2174 3190 2007 1849 2080 2332 1878 1792 2336 2136 3122 1285 2176 2066 1327 1464 2963 3653 2885 758 1673 2761 3043 1777 1304 3478 2620 1142 949 1657 3008 996 969 1044 831 606 1596 1675 2782 1799 2656 2269 1220 1845 2277 3629 2409 671 3221 1340 2455 1170 1781 1449 
2320 736 2706 2317 2163 1914 2267 2454 1284 1783 1654 2696 1999 1092 1431 635 1731 687 2344 3015 816 1620 1696 3171 702 1199 1936 2380 1689 2337 2065 3373 2162 2696 1885 1526 1412 1390 1797 2370 3184 3657 2777 2499 2033 2686 1569 2009 2163 1041 2554 2036 1091 4010 1858 2859 2766 1564 2822 1642 799 2802 2487 1629 
3432 2515 456 1995 3470 1281 3002 1479 3305 3864 3165 1116 2891 2355 1286 2565 1500 1346 2228 2892 1708 3520 3035 2176 1266 1306 1755 1426 1640 2041 2502 1685 3494 1695 2406 2077 2118 3392 1725 3117 1795 293 781 2264 1733 2215 2324 647 2995 1969 3372 2843 2505 2611 2215 2484 1848 2066 1355 1158 2904 1309 535 3659 
2677 1919 2751 1753 2730 2076 2753 2094 2044 3053 2016 2177 1649 1620 2074 3540 2152 615 1759 1997 2763 2132 3782 1753 1357 1356 904 3253 2875 2686 2638 638 2842 2487 1715 2363 1852 864 2985 971 2936 2395 3806 1678 1373 2098 2804 2322 1353 2927 1834 430 3375 1962 756 2704 754 3446 2789 1075 1636 735 2920 2785 
3075 1398 2723 1804 2139 2520 1785 1994 3101 981 2253 2503 1861 2964 1145 1642 1941 340 3525 2030 2657 1750 3548 1931 2403 924 1608 2893 1955 2075 1372 3037 1566 1480 2833 1388 1536 1479 2927 1347 3664 2687 3609 2261 2002 3793 2698 3508 2677 2029 1991 923 142 3304 3038 1449 2206 1039 1017 2615 770 3646 2318 2023 
1114 1935 276 2545 3186 2840 947 2786 3041 1710 2365 2278 1203 2256 533 1169 1101 2819 3250 491 611 2774 1312 2432 756 1013 1594 2872 2571 2030 1123 1805 3034 3209 3199 3559 1882 1825 2706 2251 1871 2703 2291 2832 1623 1535 2248 2169 1592 1716 2729 2509 2528 1890 3365 1977 2505 1008 2161 1709 1103 1392 1530 1973 
854 1421 3004 2930 670 1851 1288 1834 2023 1420 1220 1959 3151 1317 1735 2629 3264 1773 3406 950 1345 3117 1628 3714 2201 1689 2349 2674 1398 1296 2512 2006 1908 686 2774 1691 1992 1399 2440 2292 1748 1808 1358 2803 3404 856 3282 929 987 701 792 893 2133 1484 2883 3151 1689 1321 1873 3103 905 1023 1790 1540 
2514 296 3099 1199 1989 3324 2455 1390 1663 3168 2047 3330 1557 2336 1354 3885 1089 2133 1863 2899 1927 3724 2015 1569 3098 2629 2397 2002 1044 1905 2531 1837 759 1351 1845 1265 1600 1522 2410 1558 2371 1291 1928 2152 592 2843 1878 2108 912 1423 1579 2629 493 2117 2563 1584 2655 2737 978 695 1846 1640 1099 3177 
810 2679 671 3260 2473 2639 967 1862 2453 1564 842 2038 1072 2796 326 2922 3237 1193 1911 2809 2427 2815 2996 1842 582 2163 2655 849 2012 1873 1932 1008 2091 1019 2434 3424 1682 3040 1680 1173 2680 699 1141 3299 3575 1682 1728 1910 1426 2617 731 2310 2492 2914 1522 1816 1156 1293 1689 905 3234 1722 1155 2441 
2663 3045 2906 1583 2571 729 1963 1143 1315 1435 3793 2746 1928 1740 2244 1125 1008 2719 1645 1740 434 2254 3174 2537 179 2759 3300 1940 3277 1566 1262 2685 1988 2542 3352 2894 1421 3421 1187 1437 2185 948 1400 2985 2890 939 2182 1618 1741 1213 2398 1841 3421 2233 3223 2025 1804 1372 1110 1274 2744 3734 3237 601 
3551 2668 3435 3361 2749 958 3830 1095 2655 2176 1665 2246 3348 1816 2286 3238 2691 3516 1891 2402 1635 1512 2237 1670 3690 3838 3089 1376 1707 1266 1193 358 2175 2567 2346 1110 2707 2028 2261 1717 2369 1917 2471 2848 1415 2189 1868 1992 1838 3355 2294 2677 87 1362 1568 3296 2156 1491 2286 1836 1463 993 2995 965 
1808 1650 1488 1442 2088 960 2178 3181 2331 1459 3037 1914 3256 1442 3198 3480 2135 2164 3791 2199 2522 3326 2175 2588 2372 1862 1147 3453 3241 2687 613 1293 2010 437 2208 1321 2421 2915 2528 3132 3161 1176 3038 1062 3823 2359 2386 2016 2139 1576 2449 2358 572 773 3475 1491 1726 3425 964 2495 1302 1634 2356 1612 
1970 3411 2129 2219 1240 1566 3713 2657 1999 364 3566 1589 2208 3029 2615 2668 1501 1457 1592 1135 2219 2705 2681 3597 832 2047 2985 2603 3539 2754 2931 1748 823 1162 3801 1895 3721 1871 3341 1309 2168 566 1146 1500 2272 2330 1805 2183 1438 994 2076 1794 1180 3484 3218 2077 2538 146 3480 2836 2920 968 1537 1258 
1789 2734 3474 3631 2907 1743 1989 820 3222 1016 1800 1603 1725 454 2455 2441 3116 1876 1789 743 1048 1647 529 1930 2435 1268 2944 3367 842 1613 2098 1220 1873 175 1066 1585 1826 2497 2661 497 1379 1212 3930 1163 3631 2578 2082 3460 2292 2545 1707 698 2626 1628 1232 2342 1075 2159 2493 2486 3691 3167 2018 2673 
1044 2288 507 1698 1947 1857 2689 2219 1254 2468 2060 3169 2946 1913 2761 1923 2026 3495 588 1909 1802 1440 1258 3379 1386 3326 1896 3467 3846 1578 3063 889 2005 682 2923 1980 3568 2787 2310 3605 2574 1773 1881 2345 3055 1270 1606 2597 1586 2137 2782 2283 345 2081 1689 1486 2637 1802 3432 3632 2231 2683 2757 1166 
2083 2287 2866 659 2149 2509 3401 2293 2394 2076 1326 2184 1366 3794 2787 1622 2492 2798 3324 1108 3707 3421 2337 1141 2659 404 1290 643 2432 1378 2887 2733 777 2877 2217 2101 1726 1179 3030 3296 1168 739 1246 844 1589 3873 2535 1476 3550 3008 1335 3257 1838 2498 1181 2309 190 3676 1021 2114 1663 2011 1723 2542 
2879 1699 2052 1497 1347 3212 2460 2366 1926 1820 2149 3207 938 1894 1066 1719 3346 2781 1048 1536 2814 1711 2944 477 1090 2450 1241 3274 1901 2938 1535 3126 1363 2558 1905 3775 1292 3139 2622 2556 943 1610 3222 824 1300 834 3486 651 1402 3439 2870 2353 1661 2124 3626 1220 2016 2065 2235 2280 2527 1601 1682 1289 
2141 1789 2201 1710 3327 2415 930 1657 1784 3341 1426 1497 1143 2630 3549 2615 2004 2615 2994 1792 1518 1704 1268 894 1968 2836 1594 3293 3033 1828 1828 3034 2337 2287 1323 1417 2551 1174 2468 578 2700 1818 2132 2209 2782 2771 1861 1406 1888 905 2284 2131 1735 3130 2119 3335 63 1741 2979 1785 3191 652 2807 918 
2589 2193 1760 1930 2585 655 2184 621 2803 3202 2086 1997 1935 2134 1101 3659 721 452 1432 3303 3395 1589 2024 621 1020 508 2187 2556 2035 1397 2222 1861 2909 535 2442 1965 1565 3518 2244 2342 2010 2348 875 2199 2458 1633 2253 2703 3641 3214 3123 429 2659 2918 3529 546 2269 1917 1213 1821 3853 3218 2931 1136 
1620 1766 2985 1670 2034 1974 1139 2581 3850 2471 2581 1035 1206 2165 2652 2338 2102 3009 811 1795 2016 2852 2658 2105 1521 2801 2518 3159 1897 3134 1827 1446 3016 861 3810 1435 2428 1537 1366 478 2704 2727 2652 1987 2365 645 3836 892 770 3414 2126 2272 2991 1509 1733 1865 3786 2131 2091 2328 3511 2284 2022 2122 
3166 1669 2366 2398 2359 2096 1897 2444 1181 877 1013 2751 593 1020 827 1515 3191 2987 551 2737 2042 3124 2200 2876 2995 3462 2224 1084 2156 3267 2234 1661 1059 2003 623 573 1874 824 1915 1288 1471 2697 1819 2706 2283 1682 113 2280 2064 2003 1266 1211 2345 2999 1768 2671 2383 3700 1023 2356 2117 2875 2317 1880 
2375 1832 2731 1054 3351 2757 2629 256 2404 2150 2118 3329 1977 1641 2792 1907 3190 2370 2200 1502 2809 2571 3346 2141 1522 1521 1739 2334 2737 2213 2284 1719 2111 2140 2088 1829 2146 2309 1927 2130 1734 2281 1759 3022 1652 2833 3237 1621 3896 2486 3006 2666 2331 3579 1885 2887 1239 1749 1209 2206 638 2239 3155 1560 
1084 2809 2590 1887 2627 1468 2554 3752 1708 2778 2155 1778 1289 3173 2080 2069 593 3581 2286 1550 2618 2312 2877 1906 1413 2982 1138 3360 1539 1069 1484 723 1207 367 2600 2532 3692 3480 986 2051 2652 543 2720 3633 3235 1608 1908 2332 1974 2038 1222 3082 2133 2855 2430 2239 1163 1788 2886 2354 1555 1087 2901 2610 
2241 2596 2039 3379 3220 1642 2101 2271 1225 2772 933 1664 2586 2849 2437 2012 2439 2226 2669 1975 2112 2932 1390 1279 2285 281 520 1952 1957 1742 1286 1442 1599 972 1779 1247 2208 2130 2750 2593 954 1507 2391 358 2886 1764 2808 1902 2957 1007 1617 2274 2508 953 1662 2978 823 2181 2126 1730 825 1823 1612 2349 
2292 2471 2499 2103 2528 2782 2797 1822 1924 799 3032 2585 3203 2052 1454 1325 3018 1798 1634 2167 1767 1001 2660 398 2148 885 2758 3878 1610 2721 1831 3178 647 1591 3465 1634 2907 874 1584 1275 1446 3200 2171 888 1545 780 3087 1146 2593 3909 1686 2065 1749 197 1304 1642 1824 2024 1567 2421 3123 2417 1757 2147 
2700 2033 3015 2475 866 1342 1712 3226 1628 3127 2673 1980 475 1213 903 3126 2840 3773 3366 2897 918 3848 2832 1590 930 1799 1938 1412 2291 3613 1162 2227 105 2441 1484 3857 1581 1749 3022 1596 925 2099 2095 2158 2558 2441 2597 1826 1370 2182 2589 1853 2740 1611 1741 2417 3636 3344 2882 3092 3829 2914 1627 778 
840 525 1583 1169 2550 3101 2779 866 2095 2858 1424 2554 2495 2173 2640 614 2133 1717 2036 1069 2142 1934 1311 1286 724 3576 1652 1864 1638 959 1803 2855 3672 2124 2577 2167 1441 566 953 2210 1553 630 1797 2564 2018 1267 911 815 2392 628 1820 2370 1942 1828 1797 1143 2250 955 1929 1196 3042 2683 1240 1712 
2066 2006 2261 2092 1170 2053 1673 253 1713 3096 1809 2054 2001 1716 1310 3753 2128 2879 2741 3281 2018 2865 1315 2395 2599 422 511 1738 1419 3947 1651 3561 3147 1926 3792 2015 1646 3080 1282 3457 1646 2183 2416 1909 1297 1271 1848 3667 1713 1244 773 2909 3343 1323 3873 1487 1971 2437 1122 2532 1965 2801 2525 1613 
1155 2895 1885 2915 1985 1997 3759 1649 2977 3104 2831 633 2364 1427 1727 2774 1804 288 2462 2361 2304 1815 1234 1024 3317 1357 3668 1579 1367 2599 2338 3306 186 415 1447 1729 710 2668 1470 2173 2272 1503 2400 3352 2626 3433 2798 2375 1440 1409 2392 2154 1679 2069 2436 3451 1087 2567 2134 1312 1628 1485 2089 3086 
1493 937 2696 1267 1126 819 2503 1575 3112 2371 2110 3140 1650 158 3601 1581 1034 2977 1631 1359 502 2123 2850 2663 1397 3110 2015 2419 1237 1877 1367 2650 1875 2520 1546 1876 2362 1734 1810 2709 3104 610 2197 1275 1347 674 652 1593 3286 1640 2270 2215 1832 1331 1273 2753 3599 3271 2318 2423 3873 3853 1548 1757 
373 983 1686 1496 1630 1225 3202 3542 758 2115 2203 1430 1037 1301 1479 1840 2591 2974 1268 4069 3029 1655 1195 2399 2239 2129 1350 2569 1426 41 1433 2610 3115 2904 3709 775 819 929 2464 1125 463 2229 2219 1822 1869 1950 2927 2728 3840 2163 1426 156 2662 1079 1151 3199 1474 3008 2653 3162 3407 2202 2366 2502 
Data Receiving is Done 
