1618 1678 1333 1734 904 84 1045 550 378 1859 1112 446 1903 1533 1307 302 1366 101 759 682 1261 1926 1886 1360 1882 265 1997 860 1866 1408 102 117 1575 731 1043 1384 1023 94 661 1969 2033 2003 419 868 212 1165 2031 970 1573 1920 1854 1706 1332 1002 881 733 381 1794 1104 931 706 1853 952 225 
153 157 1261 125 106 525 1286 1803 1804 2033 180 1034 1218 1652 1400 843 336 1847 706 1727 1975 952 158 315 406 1207 74 433 1757 748 1291 1899 928 898 1934 804 1507 1515 1825 793 1794 20 117 1375 424 1397 1116 723 1722 466 1132 958 1444 405 172 1470 257 651 961 959 870 1868 1662 1092 
1492 602 742 1471 1033 1325 315 704 1970 639 765 617 741 1367 1215 1906 722 456 1282 657 1995 853 1578 881 520 1219 1011 287 510 1372 1660 1639 1821 1771 1222 271 1318 304 1019 1333 1533 506 256 845 269 1103 1621 2037 1603 1883 1549 1317 285 1275 7 1859 561 1468 1437 1350 1483 42 1937 1233 
1265 243 1131 518 75 1857 2036 736 581 1588 1597 1950 422 933 1165 10 1282 780 440 861 1110 23 1260 1133 1046 880 332 921 967 1653 1165 825 230 1585 298 1004 1020 1395 441 8 1277 1402 548 1099 1983 1975 837 1590 767 231 270 828 2046 1290 1902 647 1502 857 650 254 267 1190 1568 1394 
497 1834 1469 73 418 1647 1049 1273 1362 1498 359 557 877 2029 762 1982 1036 84 1077 984 152 1611 951 1395 278 1953 667 1347 1973 1451 530 870 920 384 1748 1398 219 1239 356 889 1204 301 1225 739 1113 500 521 1289 520 1166 1306 775 70 963 1488 1595 1292 1640 1530 1555 524 1471 888 1232 
685 482 1602 1192 1760 766 281 52 1218 1722 1458 764 273 659 290 2023 1277 665 1145 1410 1299 1311 627 227 990 791 2013 1500 1160 1475 6 2012 1267 1439 1248 1319 268 1202 1139 1497 1334 1067 181 1855 2022 595 1569 110 1674 406 854 958 1426 1538 1443 1850 1425 1899 1500 932 537 516 1438 295 
1619 949 304 1120 1102 1132 1153 1769 1918 1415 1801 1185 999 1421 1581 644 1827 1427 1933 1446 1385 1466 1454 199 828 178 1261 1880 2026 474 1563 744 2043 1198 664 656 914 1781 808 1306 90 1575 1269 1389 1001 1937 874 972 1129 92 567 1638 186 1355 1971 805 1797 436 1640 406 1269 738 166 1694 
1971 973 479 1498 1132 1945 1937 2013 1337 1504 299 317 152 1158 1368 852 1262 1675 858 764 1410 228 688 1836 1994 937 1463 1862 108 11 1438 249 986 752 1793 231 2008 1035 1290 1052 454 699 1012 509 1492 413 1032 1813 302 430 1016 725 1722 529 97 58 1058 414 1340 612 1661 772 434 1922 
167 945 1517 1047 1392 1316 1056 482 654 1282 1973 962 899 179 1234 1983 525 1222 1486 153 330 1191 564 1098 2025 940 644 420 1724 1265 769 529 1036 935 1595 1074 1033 557 1673 1429 690 1212 1411 1186 1974 374 339 218 1184 362 1362 1678 815 238 1143 240 304 695 841 1159 52 1624 772 992 
994 1931 1799 1425 1025 1531 1868 1709 129 377 1018 110 1376 801 743 468 1221 998 1376 957 1109 1815 472 893 389 1221 1282 588 313 1463 1566 966 660 528 1323 865 1266 422 1870 450 989 199 973 1733 1416 872 609 505 1384 1489 1761 563 1965 1717 296 346 641 1908 1439 851 1531 2048 702 42 
297 1549 879 1629 1253 1598 733 1882 1825 649 1241 195 1954 1682 1472 1830 1790 394 738 1240 1452 1422 936 1690 1238 1714 87 570 897 507 1964 1507 1046 94 1629 1464 1144 276 358 1183 730 1190 382 1601 363 1489 293 298 1663 577 1224 75 1157 754 1336 1258 1461 503 92 1894 409 1592 736 1859 
350 161 1683 862 1005 120 2003 1597 838 441 9 1708 733 431 321 1557 415 481 1754 1362 384 1570 569 1338 1430 1104 1633 1637 965 1611 1028 1617 364 564 1494 1235 927 867 1998 1094 1899 68 1928 961 1055 1015 1711 1422 991 1540 1339 1008 1182 488 1160 442 664 1562 679 503 1554 1407 1260 180 
191 1555 1999 651 1347 299 1972 655 717 754 1074 28 93 1971 909 536 1682 1688 1635 25 1764 1322 1400 1913 1643 1606 851 1377 1220 1460 58 382 325 608 1916 412 476 869 1762 565 1134 1732 2028 805 1396 1712 1726 2018 1465 29 1141 149 1321 1281 413 1130 277 445 681 858 1699 1131 762 1036 
535 384 758 854 520 950 1948 687 147 1701 982 694 1759 345 1954 1280 218 267 1774 386 1822 817 1571 1049 1670 617 1628 647 1656 1531 1498 1512 1454 1581 823 1174 854 1068 301 12 1534 1227 1247 1108 665 509 648 127 248 1709 156 1086 565 1846 193 526 1803 690 373 453 766 1016 2000 1726 
180 294 196 930 1992 296 1155 1747 94 369 1676 975 1804 376 1872 921 982 141 100 1382 1008 1540 964 1743 82 347 246 1858 195 637 1027 1835 951 926 584 920 1803 443 1607 242 659 232 803 773 1006 1022 589 484 596 348 1279 1151 1317 1335 182 1352 412 2021 355 594 1297 1031 2041 1945 
1248 1967 2047 1032 1884 778 343 1063 1614 371 980 629 591 1277 1507 1112 1913 1367 1979 903 952 782 162 1542 53 733 1166 466 786 1108 1312 1554 2008 773 825 1595 1129 129 1077 1397 1786 504 511 160 533 1942 108 1324 326 176 294 452 1729 1583 809 1621 1513 558 1060 1528 1672 1495 832 658 
730 848 1806 197 1105 1953 332 971 977 1735 261 1093 1341 1211 138 1047 1834 1537 428 1321 841 681 1494 834 194 1052 620 30 863 1543 1668 1519 65 2021 2022 1275 978 901 807 1787 1899 575 878 1412 1994 1185 14 1699 953 675 580 1925 1257 189 1493 1784 1774 618 705 1816 1179 768 1895 102 
75 1383 96 559 1677 136 969 184 749 781 1534 1571 1016 317 207 854 1835 1405 475 1994 1804 771 569 769 1260 375 1340 1368 1144 511 323 1401 1028 400 1964 366 1125 262 1403 1676 518 946 716 395 732 1704 1118 1908 1751 52 1364 409 2047 720 364 506 1215 1028 103 1907 623 891 1972 91 
1134 1066 618 1886 701 1225 1123 377 1639 1019 1217 211 1947 1648 1461 33 1992 379 1538 384 1894 1601 1168 2037 1561 961 73 183 289 1275 908 1511 1636 84 1805 746 1657 911 1049 340 932 1879 147 452 1342 193 1652 1138 1835 340 705 1436 1581 1757 1283 11 846 1748 286 667 937 147 867 742 
1383 380 195 1727 1809 1411 953 190 281 1435 1018 414 1048 970 1045 1189 564 339 410 1651 1212 1496 287 1650 435 1602 1222 1025 510 1539 1792 1293 2011 33 170 1713 1414 1607 813 1042 1417 1944 40 410 709 952 145 1899 124 648 2025 962 898 87 827 761 252 1487 1233 83 831 127 967 929 
1059 1204 979 1218 1843 653 1683 814 1947 240 413 11 1086 1885 1091 1525 1535 381 1066 108 2037 1643 1685 1642 791 1080 1562 1674 647 147 1810 1316 282 892 2027 640 1498 2040 1501 2043 643 1126 489 1426 458 516 608 1605 1429 1002 794 344 966 695 175 723 876 907 1535 2032 961 1502 519 129 
857 931 576 341 469 847 1273 1886 479 112 237 958 826 1152 655 475 1111 221 1034 420 1677 112 763 729 457 1321 156 225 1324 177 130 783 1969 1810 1745 501 627 686 1658 417 1667 1714 1254 5 317 237 729 713 354 236 2041 423 608 1272 201 1414 678 684 374 1629 1633 1910 1326 1472 
1683 892 1137 611 1092 1436 343 1978 1288 1422 552 1086 1466 1810 1228 147 1183 1569 940 921 1285 1279 398 2015 1691 487 982 1936 1267 530 1242 7 1066 197 569 1964 886 1400 511 1482 1496 531 1171 1953 467 60 2017 533 1779 13 1106 514 780 341 1741 747 1116 517 816 784 1084 294 26 1854 
744 1802 10 681 1923 540 1050 1784 208 819 1645 630 1626 1729 851 236 717 353 1013 415 1606 463 1913 1006 1739 546 1539 171 1650 1665 219 147 1949 1725 416 455 1572 1824 1537 1465 1561 1993 1712 1701 1664 1456 598 964 895 607 1652 1585 1375 1408 1603 734 1988 951 1829 1633 571 173 1022 223 
91 1128 714 1515 152 644 13 286 24 1624 1262 113 848 613 368 1384 1164 1737 57 1340 1360 1607 191 1689 788 1286 524 1050 752 792 808 1838 1357 1759 71 310 2012 365 197 835 1551 173 1762 91 1116 250 411 1752 1667 409 812 404 1750 1779 1409 1263 174 157 1886 1167 753 1903 583 1200 
1197 42 912 714 1646 633 1856 1363 302 1303 1639 960 952 369 1583 1955 19 1602 652 443 1193 1364 513 304 1063 1815 1691 1912 261 1160 655 1743 328 961 1540 2010 1093 1724 1631 1724 1843 1324 1048 698 289 1568 675 1506 1543 1406 65 188 1525 370 347 241 1755 784 1785 1724 1058 745 1027 1897 
954 525 962 836 1399 1961 1315 1668 1391 2 1143 240 50 1026 1582 1370 1167 471 811 1056 160 59 489 108 1333 1957 32 1325 1520 1734 967 200 137 189 1405 408 1807 1154 1022 764 1238 538 1112 823 1715 1480 209 339 49 1120 842 1199 1700 1583 559 833 833 600 892 1753 1345 1237 1251 511 
1558 1778 928 1629 950 1540 1541 1157 71 1927 1919 1663 1088 1686 1637 203 1101 1054 903 1349 330 742 1902 1247 1912 494 1297 1673 1624 1868 1162 1081 500 192 1368 1563 1950 1698 894 197 585 546 1454 1092 2015 976 971 744 1466 1278 1868 1341 766 896 1876 1126 959 563 1952 1405 1286 1030 636 248 
1985 1081 388 1119 1172 454 1515 1385 1650 2009 265 58 1737 815 47 649 1673 815 1475 644 1806 1260 1531 715 1412 133 1999 1894 1723 1823 987 1425 1517 397 457 1452 1561 1814 1953 359 755 1075 497 2021 1993 198 961 847 242 203 1287 29 84 765 1694 240 1875 548 991 846 527 1931 1568 1185 
1204 2012 173 1581 1064 1537 2000 1759 870 1079 1357 1906 145 1401 146 1082 1685 1776 876 1673 1569 1647 800 621 80 1551 609 1272 1900 455 487 933 1371 792 531 1357 495 884 1588 500 1394 1549 520 1689 169 2039 41 1716 1151 1913 501 708 1157 495 1026 743 1222 1770 828 1244 953 318 363 8 
1564 129 599 58 1515 961 1595 1614 700 1379 1033 390 325 395 552 1146 1112 1442 5 773 1035 1994 2040 755 99 1361 1334 1219 1209 799 296 1610 1441 73 101 585 1968 1398 1998 918 468 12 306 474 1179 535 2011 663 48 1595 1519 1581 83 2045 291 1652 2014 1570 1723 1150 1556 1050 1457 275 
768 2035 1518 1788 1021 517 1083 687 1754 977 1690 1926 296 708 1571 2036 1367 1492 1050 1398 732 87 905 782 1507 1862 864 1127 1198 1462 1328 333 191 585 1064 1234 1183 1370 1393 488 206 1719 640 509 1291 1943 811 1885 1699 1771 178 897 1843 1089 586 122 451 1719 1690 1316 290 56 1438 578 
850 357 1246 1909 54 110 715 1616 1781 539 1982 515 1803 1085 1513 1510 1430 239 1055 1751 754 20 601 1548 1329 45 1812 210 1022 407 1983 1314 347 1848 1391 421 910 903 84 1804 80 1218 1138 186 268 1291 1677 1417 1341 279 1399 1208 390 147 1395 449 1713 33 1199 96 1875 1529 749 685 
798 833 1053 1363 51 228 315 741 34 1702 1232 1646 437 1285 1704 1960 1757 1285 1086 656 1243 379 582 616 221 69 1751 1677 986 709 296 1157 2028 1131 632 1974 1835 936 758 1171 1537 640 592 982 753 411 233 34 1426 1384 1259 1663 1147 328 871 1673 865 435 1555 932 1206 242 896 964 
1185 520 1325 904 1227 1477 668 697 578 113 1342 1204 1912 485 960 404 52 679 847 1522 573 159 1306 1376 570 703 807 1122 1235 1697 1172 1672 1752 1744 650 486 659 79 943 1473 1925 1694 1081 1750 420 1328 1485 1858 402 29 1496 1760 519 1972 1113 1363 1309 311 1839 322 710 1254 1115 325 
1600 1627 140 646 1815 424 1551 380 2038 2046 2030 298 1081 1382 30 1948 726 1120 487 848 1381 1634 1528 1589 338 289 44 34 412 237 1697 663 1508 987 367 2024 570 1704 1168 2033 600 292 238 1417 1192 1189 1919 67 1186 1348 1434 1618 1111 1283 1391 1310 1650 618 743 10 1262 745 188 2029 
1178 1369 1924 781 1612 913 1371 697 228 1893 466 1368 1441 734 1015 1658 287 239 1200 232 1025 1340 1785 1057 522 1030 752 2003 1266 1547 1838 506 1710 1989 1232 832 797 652 977 784 1512 1953 1875 1370 352 1052 1249 1045 838 1937 730 102 1551 715 85 1865 669 1433 774 532 632 16 1519 1001 
1902 820 1840 407 1749 891 1213 1269 1825 542 1985 1512 895 1486 1126 1636 69 65 1984 470 1313 773 1862 277 368 759 426 1705 995 1642 1364 1780 205 447 1672 543 1440 1061 1545 1344 1822 1907 1697 1866 1181 2003 693 1575 1999 1542 726 651 24 1683 1386 1199 1163 81 31 2016 340 2010 739 1247 
296 1038 15 839 1339 2008 591 968 1895 1426 1001 1972 1171 1810 91 321 1036 1399 1493 73 562 788 719 1895 174 282 1080 1717 1697 728 1088 39 1677 1720 1344 1615 1750 1563 1571 610 779 1671 1279 1989 848 869 262 741 1430 955 1313 1454 1049 1414 1939 1266 1437 595 471 1133 812 517 796 606 
672 1008 1831 1843 103 637 155 168 1557 1181 565 1827 1712 595 1375 1313 1621 1252 1824 72 17 1106 1500 1825 1951 1364 1231 1158 1351 697 918 1909 1027 628 1769 578 1511 1173 1421 306 357 1271 479 1462 1817 643 1395 424 462 627 709 211 588 356 1150 1763 1545 416 116 1439 212 975 1124 129 
1327 280 1690 864 625 1922 2011 859 1029 2001 518 1870 214 1465 818 1884 922 1344 47 1397 1859 1941 960 1250 1124 1045 1893 485 189 464 1545 1651 180 632 1808 1007 1387 1467 600 542 1266 716 1865 489 95 953 1139 318 571 851 1524 758 252 1335 1859 1197 1813 1297 724 555 800 506 478 2024 
710 1350 335 1295 1688 823 19 1798 701 1449 717 688 1042 1070 197 1168 1439 913 1670 1608 1766 877 1264 1508 51 247 828 711 1949 469 125 339 419 927 563 1812 485 1360 1153 1055 2010 564 959 1856 1625 229 739 1848 403 1740 374 1624 2019 1995 93 1032 517 981 1310 439 1353 524 1012 1732 
1021 1807 1895 198 933 644 1032 804 12 956 1981 1521 1118 1400 423 139 11 1630 359 1362 372 1943 2033 1925 163 1847 1597 303 1715 1036 908 2025 2 1325 1923 1893 1172 1822 439 792 1508 923 34 1117 1873 463 1644 975 1553 517 1621 857 1902 728 1209 1844 964 966 207 585 1745 1950 1387 191 
1971 1092 1900 1364 2041 466 1992 643 1508 1805 1645 1082 1652 557 2041 1502 1212 1938 205 1157 1191 987 624 324 1734 1803 1837 156 736 1093 885 101 721 1748 931 905 962 1617 1347 1656 405 1794 539 1627 682 871 1075 1962 622 1581 1486 1817 70 156 116 1276 1053 1355 431 1378 1381 975 1386 936 
1287 754 29 89 574 160 348 1347 1827 546 1133 750 1438 948 1365 1500 1404 1635 1944 1073 1472 1971 633 739 1417 1830 336 1496 1474 1291 140 1290 1548 98 875 603 622 933 802 1894 1528 611 2013 576 2030 742 1557 754 1422 523 1918 1272 237 483 1527 1173 367 1655 562 1154 494 539 1295 1587 
933 1941 1447 327 1180 1121 1965 1055 1352 152 1683 119 350 1056 1443 829 1342 382 341 525 534 1983 848 1796 316 364 1896 1876 1878 1983 1833 1369 339 889 1887 179 1995 382 1322 758 200 182 1037 469 765 487 318 724 350 490 109 632 1125 1938 1232 814 1685 5 2022 1117 1644 372 1357 477 
963 1411 1789 1587 1193 426 1846 96 1216 733 1564 715 757 451 1842 674 1843 1079 341 362 435 479 408 189 1074 324 2043 1626 250 1233 2033 717 1309 41 522 433 1333 925 1714 196 54 528 1894 289 1650 1754 659 1707 519 544 886 182 1703 1061 365 1355 616 713 1455 1080 1828 1632 563 1213 
46 567 84 351 1176 145 890 836 645 1699 365 1656 941 1051 1018 1651 757 1500 467 1792 1774 11 917 1763 1008 1417 1375 1557 2039 93 1607 108 1395 185 1667 1080 1690 794 1896 1795 943 591 1689 1968 1482 690 1366 1024 293 867 1015 1942 129 468 176 720 1465 1547 1838 1960 483 699 1893 600 
1772 1714 1455 654 1136 1047 1856 926 1357 727 1136 1876 600 1760 1279 798 759 1858 1912 307 2027 1786 1053 602 1906 273 50 242 1236 134 1712 1415 581 1184 1676 1705 1153 1115 1256 1428 732 637 578 7 953 1863 786 1090 1879 1710 825 1929 302 1357 199 1379 132 2044 911 862 136 1015 90 520 
1962 659 523 1277 335 1339 1418 572 52 1314 1952 1296 850 848 110 1640 1615 1767 301 874 1501 880 1043 191 297 838 794 1957 755 1995 837 1098 713 1785 595 1995 131 1679 1393 1589 32 256 1864 598 739 62 1551 119 1354 1848 1027 596 485 495 1623 414 1670 885 2024 1256 1013 477 1020 452 
1091 310 332 472 1801 1555 715 1610 1734 1658 396 466 427 1434 1945 1647 1441 1048 1835 1688 502 529 899 275 1229 817 573 1852 1778 2 363 1277 1528 318 251 464 1869 646 1236 328 1775 1668 1859 744 1667 2037 1683 1253 279 394 1082 550 1043 1125 1033 1534 16 1285 1430 287 1858 586 914 381 
977 881 970 487 614 190 1688 230 2007 1904 192 1194 1711 1670 228 1634 24 218 477 1831 1652 995 1689 166 70 63 1266 520 1752 1124 1738 1471 1159 383 1193 1634 211 1591 827 1635 1564 1781 41 1004 1325 1307 644 709 1650 1206 1366 298 1497 1830 1624 39 1767 284 651 947 1832 2032 1128 40 
1079 609 974 1103 40 1538 1072 1129 2006 1730 1375 486 139 775 1921 1166 496 1145 374 601 1155 1536 970 1799 563 2027 1156 1970 1372 1385 1282 767 1817 608 1787 330 911 954 419 238 1099 1789 1117 804 1494 538 1799 536 366 1936 570 788 1623 1242 479 163 1981 1129 1939 746 1522 1049 1125 690 
1280 769 636 1923 500 592 116 2001 827 622 679 1197 233 918 266 97 1274 1806 186 1651 37 1991 578 946 1834 1707 339 1030 1324 2032 990 920 13 1341 604 205 727 621 261 826 177 1318 193 754 1910 1148 83 1977 1912 1832 26 930 1500 1077 233 1425 1314 1888 224 603 395 1188 1308 374 
863 848 1266 1036 1830 1729 1702 73 1488 877 1364 1696 1774 250 1648 1820 1458 568 1993 736 1965 1770 2048 2014 1444 339 758 1076 1486 627 1758 555 1072 1738 738 576 666 953 325 791 1015 1345 71 1237 614 1327 1569 1513 1965 1465 1976 1501 1325 1970 994 1987 83 1053 891 1055 403 1152 1620 213 
206 840 1885 1852 877 329 1545 1841 1560 2003 976 849 587 2025 1046 725 28 1581 1282 762 958 956 1376 1602 750 1304 989 1341 1346 320 912 255 599 1 1388 1625 1804 2037 753 1523 882 424 1985 1616 1906 660 1533 830 1305 470 1072 1463 1983 1793 848 227 386 766 1170 832 112 109 1371 1415 
746 1120 765 1857 1229 102 512 510 819 1180 554 442 1855 1737 525 383 497 780 1550 174 1129 1378 374 931 355 209 61 131 1332 1197 1113 912 308 345 1672 96 1992 430 1230 960 832 947 1693 96 1489 856 1931 767 2003 415 1094 1546 1094 928 235 1990 671 1169 1701 171 414 1113 583 1916 
1086 796 803 59 1068 1602 1718 228 187 655 1033 1942 1630 1074 1061 640 1769 507 184 388 614 682 1409 92 1341 166 1389 1947 536 997 27 1281 396 1389 1663 1422 1133 0 917 64 1151 1483 639 410 427 90 1539 658 1201 1863 1459 1721 625 139 118 705 1667 981 206 728 1608 549 1646 1880 
1067 1218 1929 1923 769 380 493 1344 776 1277 1625 1258 178 1121 335 1872 1686 1842 1999 1454 4 1896 1424 1235 720 1313 841 692 1569 2014 399 1144 97 1660 1029 1979 1438 500 1529 928 36 975 792 151 1250 1518 2043 1645 480 1784 1036 1223 798 1225 218 1127 1878 1940 1943 1332 1951 988 74 330 
708 495 1264 300 1891 1286 1197 475 1518 1948 430 1640 1295 1073 999 22 734 632 1396 1044 1053 1113 1079 221 177 1731 437 686 194 19 233 1560 1985 192 1991 579 288 191 252 797 1146 461 521 660 836 754 841 237 1856 224 172 1724 47 627 719 1126 1694 495 99 413 1207 1689 699 572 
728 1334 333 912 821 1456 201 146 1459 1741 927 896 1562 1304 1263 1706 1365 1703 1959 1455 1810 1873 905 1235 1836 248 108 485 1216 1919 1158 1790 1565 1197 1803 1674 295 1333 729 1973 302 1090 1471 1088 1249 355 1523 1994 1686 687 487 1095 1685 242 1871 5 467 2042 174 831 1086 990 1953 260 
1142 2001 70 1943 539 408 1859 1014 1027 1932 994 93 1144 418 475 1927 1406 73 1318 468 768 1148 1177 778 1866 1023 1707 425 387 1207 1028 1837 62 358 898 416 548 1553 126 1213 496 293 1060 1384 1254 1809 1808 490 723 20 2048 778 293 1836 391 1488 429 1671 774 634 1031 1189 1474 1739 
632 578 892 128 240 401 1185 1220 1770 924 1094 1092 740 81 1701 720 453 1141 436 717 263 2015 1824 1869 386 1856 12 1924 786 1649 796 1009 1665 1303 1207 1401 1147 261 1412 1002 1348 530 322 1186 134 38 434 1451 1856 1359 1295 1160 1119 1276 460 1965 1647 1364 1657 446 1848 1957 975 1500 
77 718 1572 762 157 1018 1372 1816 385 1383 912 1121 742 1267 1121 749 1651 981 53 2046 1599 92 656 1835 1456 2001 890 1203 598 30 1316 1477 1411 1145 1832 672 297 136 1532 351 333 1532 448 239 1625 756 1936 1581 1802 1200 12 84 707 327 465 1983 814 1059 838 1268 1611 335 1271 1622 
