329 1515 1356 1726 1798 1785 333 816 579 783 684 1905 1819 670 230 1289 767 394 521 591 1652 354 1967 1379 1776 862 399 239 262 1024 851 1162 1054 72 1927 935 1288 928 606 1372 1046 1684 295 416 870 464 605 1861 1547 1714 457 1761 763 1445 1907 337 332 581 577 794 1596 682 1443 361 
1920 524 1087 1975 1885 670 1675 1595 599 478 292 1057 1151 330 1800 502 1151 1548 1228 1267 2020 1613 944 350 519 1532 369 1441 1784 1524 799 305 514 1884 1948 1305 331 1342 1836 1970 315 1778 1586 274 447 1616 547 1557 191 1474 1905 1554 100 308 309 1306 1554 735 1545 508 1564 267 149 1209 
1583 682 145 1418 790 1777 436 140 1612 1912 751 822 1533 1743 244 1207 206 789 166 785 709 1140 131 1394 266 1275 388 1063 1195 273 1464 831 1363 1265 1319 1964 1665 3 1350 309 556 1430 1182 1544 490 367 742 1800 763 148 109 184 1361 541 1235 56 1756 28 1484 1350 1167 1953 530 566 
1519 780 1414 1516 486 882 984 331 198 1661 1859 974 1863 18 1049 613 353 1620 881 1163 106 209 572 1921 449 1815 239 1067 989 1721 847 1952 748 1650 414 143 124 1118 1106 1328 791 1137 1782 1758 1088 1971 679 622 1438 76 275 709 343 1772 310 1738 713 1074 520 187 538 1523 1850 1384 
1534 947 1352 324 1565 277 1099 599 69 1997 1498 41 114 493 703 1270 1798 1103 42 1905 926 17 1939 919 1919 1486 170 647 817 1840 928 1252 696 1756 596 877 30 723 536 1806 815 1932 589 655 910 1857 608 1617 641 1124 700 680 1341 1089 43 1086 538 1035 362 1761 1860 684 2016 1396 
1179 1417 176 1065 548 188 1844 1853 360 120 1715 138 56 316 810 200 2018 610 1561 250 201 1654 662 1847 73 482 1631 1679 209 841 375 75 285 63 1007 1142 443 214 1530 1702 1202 1599 1149 1297 1316 1735 564 1066 1355 1815 1530 831 1098 1795 1518 82 1025 285 310 1845 1352 1038 1823 914 
501 633 1638 229 834 83 1858 181 1490 1969 466 505 1010 649 587 393 1056 1958 102 1587 1619 1868 946 272 947 802 1374 219 923 855 1324 1998 1537 601 1952 1344 1732 352 642 1209 442 55 728 159 1277 1477 1192 1681 1430 661 140 1126 1538 1058 1916 460 0 1612 1279 837 730 1551 1480 463 
1939 122 87 395 954 779 1266 1609 765 1426 1633 1183 1241 902 530 1682 1728 26 1865 740 1543 805 1297 309 975 463 1262 1540 139 916 1306 1936 1866 496 583 1175 145 1247 401 1602 1971 488 1226 53 1143 38 1159 353 1983 1072 1478 1653 1501 749 232 420 1047 1186 1608 1755 1708 135 1630 2015 
722 1780 1680 1722 1925 1097 1912 439 637 428 1906 1484 14 1551 1919 1387 1821 612 51 1479 1064 211 687 2015 895 1423 1025 395 62 1991 1806 6 451 1421 746 1827 1939 1453 1611 1926 478 163 1886 1597 560 588 6 1801 498 1244 598 1534 1811 1712 1587 1004 339 44 1714 795 1906 339 1819 823 
90 687 304 157 281 955 1024 1532 378 1926 772 596 1513 1289 390 1890 933 283 1335 197 498 654 1711 438 1533 879 1607 955 1046 1540 1225 1634 1719 711 1771 1705 2045 426 634 1441 534 1799 1472 888 1424 1840 1209 1920 1913 662 932 1483 1256 998 1468 1887 41 376 76 1229 488 128 440 158 
959 942 656 854 150 111 308 206 1279 476 1722 905 780 1338 801 1197 260 865 1273 43 1065 67 332 1836 1015 376 841 1664 732 1919 1557 1126 1350 1929 910 449 263 1994 1851 1912 1290 1491 369 1219 939 1264 605 732 277 1820 1082 1097 1671 591 102 1200 1871 1919 1730 1450 96 77 75 1813 
163 598 260 943 647 1289 1593 605 1089 296 1777 140 296 72 2016 1922 158 2000 1728 1457 425 120 1359 430 1563 1790 189 1453 774 1455 1101 796 501 1118 225 129 1254 879 1142 1534 1559 816 337 1094 1277 267 1223 1991 1135 1318 1491 528 53 92 1807 1818 2014 173 1402 545 538 159 648 230 
1127 374 1549 646 336 1662 199 109 403 1412 3 1756 1428 642 329 43 476 1733 80 1554 659 357 1480 1694 656 762 368 1601 103 1706 1042 431 757 931 294 1927 281 769 230 93 825 437 1018 955 267 562 1990 289 1355 633 439 541 1782 277 767 1928 569 227 1986 1105 870 537 2009 1365 
675 27 172 676 1440 1509 926 1132 1263 1431 1214 1752 608 1976 1875 2013 1710 80 1182 1923 1015 998 1368 1870 836 309 1019 189 389 240 1672 1296 184 1170 636 1884 1617 1404 1842 1002 336 848 956 1197 2022 1520 1913 755 57 182 586 279 1830 91 1348 1554 1297 20 1679 428 153 1414 1805 43 
157 1055 367 318 214 1663 1122 994 1105 834 1635 244 462 2034 986 2002 1222 457 372 506 1275 533 1021 1857 657 1346 1817 115 1905 637 1415 129 586 1237 600 2025 2004 475 1741 1469 1282 1553 433 1564 651 1781 1615 894 1864 793 346 1534 628 999 786 1884 51 1661 428 1131 1752 558 1665 1537 
695 1901 1476 212 1899 1442 728 1413 282 1739 856 271 996 982 1872 1618 619 534 1590 1931 390 1157 541 1287 1640 1207 1949 133 194 392 114 2019 1146 926 1569 122 83 1664 2024 623 1003 755 1219 755 15 1627 2028 1308 1367 67 719 467 7 1731 1931 1120 1119 414 1073 1775 1866 659 1232 464 
692 1959 51 1467 631 878 1595 23 912 682 674 1216 1278 721 339 1984 1779 912 414 984 1733 911 112 1732 1904 339 1581 746 108 260 552 573 119 1831 1887 1999 1876 1347 507 536 446 65 406 952 1361 986 64 1031 484 1484 992 1425 157 1736 1021 480 837 1274 406 1533 1507 794 852 900 
322 1550 1352 1768 1981 1764 565 1656 1752 614 1398 220 131 263 1877 1726 1194 1476 1383 787 1105 1796 116 304 88 1493 97 961 983 1295 180 348 191 927 370 1527 124 121 682 919 1626 453 384 1195 1926 1276 1871 1114 1722 620 641 1144 888 58 217 1476 1904 1563 217 281 1070 933 391 424 
1838 1045 1471 1956 1164 1783 214 1874 1061 569 292 811 1744 1897 1630 1128 176 732 1720 1410 1755 970 416 1499 752 837 326 97 2000 1675 853 1925 1459 888 1678 1565 1735 987 973 1744 1015 618 1744 457 1812 1561 51 711 754 409 1912 690 1431 1237 1655 1181 1452 238 1071 657 1718 620 635 1979 
1744 476 2033 1316 818 1154 1883 1621 738 799 263 682 669 493 435 1946 449 1028 923 1330 1617 384 217 1608 774 300 172 1656 811 787 216 1500 721 283 451 613 2011 319 615 1771 574 1079 1643 476 1211 430 994 141 1991 1443 124 1401 1301 1831 307 309 1171 486 29 633 658 1680 976 1343 
1639 647 1462 1932 220 1757 9 1644 627 364 2019 1689 1761 813 709 838 420 1644 242 295 1064 1709 1537 1001 1681 1274 1600 1989 550 1353 721 1441 337 1702 447 1940 228 540 2011 1757 644 1607 376 519 405 1691 357 1945 176 338 278 1323 1293 869 1646 168 289 903 556 684 1984 266 412 107 
695 1007 1612 931 315 437 429 252 2013 1229 1407 1114 206 1829 369 1574 629 1192 1587 2043 1691 306 1508 1298 847 265 1569 763 1520 2 1476 910 1641 1464 1943 1292 1331 571 396 1818 1964 319 1140 1835 421 902 678 239 1548 599 329 105 1622 1523 584 1007 575 852 603 685 764 1506 61 1059 
366 1445 563 1833 1187 1068 1194 1325 566 87 476 705 1423 419 402 905 10 1130 1326 976 1361 1324 1746 1080 369 1922 1730 572 0 292 832 1440 672 1653 694 1179 1040 576 1417 1044 1353 1001 664 1278 639 1354 1678 1778 1134 166 955 124 1547 1811 1895 1673 1198 1651 1499 284 1757 808 1951 92 
453 1010 1793 1810 416 1647 1460 776 1890 849 1359 1955 407 787 19 1124 1123 489 1787 2019 1611 91 1555 1894 1712 1458 1012 503 463 1293 1509 166 544 1254 1616 1910 1128 991 1700 705 540 650 1498 264 846 788 137 1862 2045 1128 1399 1344 1981 1451 1955 1632 1583 542 1334 761 299 1016 857 627 
1434 1417 626 638 1104 530 516 1037 2008 1622 699 1427 1302 2044 1091 1014 206 315 1384 1258 877 1787 1490 812 515 547 402 1887 1015 792 626 1441 876 699 928 1928 1073 1395 1630 1520 672 1090 68 1911 1680 112 684 1296 488 1724 648 1162 1233 43 226 407 452 1920 1500 325 768 1270 296 676 
1468 930 1150 572 652 1389 1933 1183 1038 406 311 379 272 1468 374 1409 1663 1549 1619 4 505 1590 1344 2046 1263 447 1636 1556 1911 541 1947 2010 305 1981 874 1727 944 1591 1528 901 1990 1575 1066 68 1702 1611 399 973 1586 382 414 105 1769 1507 1904 997 1458 956 848 545 1946 548 1460 1708 
407 1408 757 399 1134 1020 394 1385 39 1115 1493 173 1843 1304 2031 41 166 936 1111 1670 1996 316 767 1894 600 1664 1988 806 1161 641 187 1133 119 2031 1492 272 2027 342 1577 1926 1043 1860 381 780 498 533 481 1220 1992 291 1830 1351 1589 1599 505 1647 111 1265 1173 905 93 757 1022 63 
468 933 924 282 13 1481 1217 1641 1219 770 822 1716 569 1407 204 717 1275 1968 499 550 1764 23 264 931 337 173 962 707 1441 1957 102 233 1464 625 883 272 1865 1207 1696 745 329 1118 66 299 548 1276 374 2006 1601 517 216 1324 647 441 879 69 1746 1446 1843 485 418 1881 1827 620 
1170 128 1055 1609 1543 746 1679 1429 1300 1350 1553 1397 1448 1931 933 47 23 777 891 543 1290 669 1515 1983 345 1065 18 1969 1201 1465 1492 772 387 321 1016 956 1469 1687 338 1998 1223 1003 1194 917 906 1222 1443 294 1361 1024 1798 1525 890 348 2046 572 1102 943 636 338 422 682 1633 1386 
1709 1768 684 1422 1487 1235 56 843 622 967 1215 58 1440 1966 1309 1010 1286 1003 1321 981 1408 210 271 1111 1406 1231 1524 914 1017 12 1863 1406 875 1435 1270 1582 1762 629 660 904 1855 1631 1244 1487 48 417 446 457 102 519 1201 692 200 1598 1518 728 1714 202 1395 1329 776 1352 703 599 
1709 1484 1666 1452 154 1331 1850 1542 1593 1393 1306 1188 114 1035 416 234 111 1091 528 894 712 470 1882 1871 1804 1217 1028 1091 607 1425 425 211 824 1736 1283 1162 502 256 1471 184 62 100 934 1018 135 111 670 1093 614 2006 542 1264 1194 1216 1140 1034 541 47 911 1271 560 859 882 97 
1755 611 1090 214 718 1366 481 320 120 1196 262 1580 1249 14 1746 1994 1482 1920 1326 1734 1385 311 1582 98 734 159 385 1122 486 1989 676 405 966 860 1656 325 882 922 1409 404 639 1142 772 660 1104 1976 1435 1187 1631 207 369 660 490 1001 1067 1653 1213 1830 244 561 1406 1816 1025 374 
1253 1016 525 465 1357 1397 1775 1442 139 1199 1858 1921 188 249 468 1788 803 1263 480 1207 1382 1362 417 1308 1334 28 1936 1448 38 1625 781 798 1431 781 250 392 669 1582 1966 1664 499 1774 1574 798 400 35 1072 1702 1714 810 802 576 452 1825 268 1870 957 475 0 1734 964 1721 495 640 
489 1193 1444 356 1936 274 187 1197 545 1020 942 1544 1570 564 376 372 121 507 1250 1480 1879 906 1594 1450 1106 1395 1212 1976 1899 49 1377 1604 1015 646 672 1504 785 206 191 486 1471 356 377 62 78 195 1363 1641 1356 415 1397 606 73 1517 1406 1956 1544 236 1666 408 1249 928 885 485 
1135 216 1381 1413 936 437 1599 1757 706 1670 312 1492 87 607 471 231 1679 8 1497 1493 243 1461 390 1795 132 496 1129 1258 454 640 893 1701 410 952 1235 1040 753 1311 854 897 1259 1963 1696 749 1613 1358 84 151 1761 1012 1058 276 572 2038 745 1496 1457 1253 983 1320 89 1548 1372 1304 
1832 888 316 1349 1655 857 1451 1099 1267 1818 1135 818 1810 973 1256 617 774 226 1741 2044 327 1886 1507 587 928 1017 1711 1392 1228 1804 805 1022 1986 708 2039 53 1548 1688 557 1084 1195 1 543 847 541 1026 405 580 1809 621 1938 1225 1394 1328 824 1174 198 1448 612 1148 1642 564 347 1630 
1499 550 827 972 1118 1163 1382 1397 1816 1160 1550 809 208 886 1059 1882 1865 376 559 1765 1738 792 1997 696 835 326 152 1250 1609 1139 800 132 1132 498 483 1531 1055 212 2008 187 1424 442 1931 308 1021 1046 1555 1277 515 990 1104 328 1824 1247 671 839 85 2013 2015 543 1004 719 1401 1784 
1173 578 883 1397 390 1629 572 725 1276 439 268 991 966 1478 19 6 1872 275 1541 1560 1344 977 1686 1654 2035 165 1182 1188 960 433 8 1257 1361 1033 1161 845 96 418 1382 3 1842 780 1912 395 821 1790 2005 1933 678 487 1265 272 118 1621 1652 250 1043 958 986 599 430 1636 1579 776 
818 897 261 1706 1847 832 356 1818 1146 284 1364 306 32 446 442 848 65 1420 1757 418 49 1986 593 537 582 731 514 1155 874 1302 35 1766 1357 1489 1855 1944 132 262 1135 1641 1092 1032 1012 843 775 666 1986 1428 162 761 1416 1055 1479 476 1426 711 1068 413 1690 576 291 875 734 1367 
182 413 1173 1087 567 1214 1133 1666 466 239 655 132 1439 722 360 1316 1643 521 1582 878 1328 2011 128 1889 250 325 1118 1516 47 599 1594 97 881 58 1005 1113 481 226 1019 1986 1391 537 879 1341 1587 213 1887 505 525 74 83 682 1545 1128 1733 1388 144 905 1757 1664 693 48 666 1411 
1187 16 1409 335 1364 1402 444 531 634 1167 1529 1460 1343 871 536 2001 167 789 1816 1502 68 1783 1055 319 1974 1584 504 1517 855 1441 986 186 579 719 37 258 213 55 1810 1016 1105 575 63 1663 497 1890 739 1790 341 572 55 1871 241 782 704 387 842 1440 254 140 1046 1134 621 1153 
100 1329 336 1965 785 1816 948 64 1752 115 125 1350 30 1726 129 1754 1798 280 241 1201 661 1938 1732 334 531 1916 1827 138 63 1404 1807 669 1672 92 1871 1612 1197 1680 527 118 670 135 182 1443 1950 1453 989 62 1023 877 357 686 473 919 1429 784 639 312 379 466 1881 1198 143 709 
1642 1238 1011 1385 1638 85 931 339 1303 479 1812 1225 810 340 1821 986 997 1089 1286 378 62 311 1141 612 16 912 1703 1637 1562 530 354 660 1986 1217 1429 1001 249 1599 748 645 677 25 1366 1868 1017 476 538 643 188 696 777 984 1519 1505 2014 181 840 406 903 689 999 1784 1850 410 
1580 1576 1535 1997 708 492 1838 452 1147 371 20 1164 1696 1259 245 1736 1479 1578 1686 1245 444 525 1613 1346 1956 2035 1252 1220 971 173 308 257 1454 819 1415 205 1745 411 914 61 1964 123 1932 1221 733 1318 793 30 1216 1774 808 860 17 1206 1452 2020 1103 136 1855 458 82 18 1609 29 
521 896 1459 1353 1514 800 1830 1834 504 913 1904 1164 1818 494 1833 1980 731 529 1847 1126 1050 1355 1542 1849 955 32 811 1957 1767 1396 473 3 462 339 1333 718 1799 1982 1726 1238 1633 565 1025 486 1793 1617 829 1262 717 1053 531 1086 335 290 1948 318 1359 1770 402 1341 808 1095 1061 25 
1037 1470 682 1892 60 445 1748 1602 647 212 1883 1470 1858 1973 1172 1839 159 1075 1251 610 1685 722 1833 1801 516 1683 1089 727 1661 771 1098 379 484 273 1914 1716 1726 1489 2019 551 1968 384 109 1031 1507 1843 1487 1459 1088 504 1967 1162 55 1546 1986 1263 853 141 1458 1719 1276 596 180 781 
826 1323 1685 2044 1714 1317 143 724 2006 283 236 888 968 3 613 1767 1273 797 1448 381 613 1168 121 1741 1361 944 901 1741 592 380 65 503 564 134 544 1152 493 1572 947 301 1325 684 2036 874 1981 824 1423 1753 1773 2001 821 516 923 567 867 987 459 1446 1038 1406 1863 1535 1455 1460 
998 1721 423 1347 771 1712 1799 1383 609 769 1695 1513 2005 862 1743 272 1269 1995 121 117 28 1429 341 1616 378 1909 521 1910 1807 1485 1456 781 610 497 1256 900 1878 1993 414 1810 1631 1182 192 377 1573 580 240 1573 1293 1270 1767 341 216 1613 1513 766 1172 255 1594 1672 1748 1984 864 566 
311 573 1411 5 1013 1462 1545 1367 1037 1349 190 308 766 2034 1508 824 1733 940 1412 801 1680 1635 1284 539 753 131 1240 401 1196 1244 1175 1318 196 1693 541 396 573 64 1774 1868 436 102 668 837 636 2010 1749 386 1671 1298 510 1328 1536 1141 982 930 58 1632 110 1252 1527 996 1633 2022 
917 1040 1529 220 1012 1873 1042 1794 1874 506 197 1911 88 1046 956 79 1731 1014 747 662 1313 831 1901 286 793 1612 447 1317 1146 943 698 2028 650 773 1310 1780 1161 1460 1229 967 911 1354 1358 226 561 772 1935 532 48 1591 1843 1757 1176 1629 2003 806 346 1180 211 1024 1514 1124 662 837 
1050 1479 1869 1238 1526 860 215 47 50 1683 1030 1031 716 1196 1604 968 563 1567 1159 104 1016 1175 369 619 739 2019 1021 1441 1255 1826 1465 1757 809 1969 1072 953 682 528 1232 250 925 150 273 1465 1115 734 178 153 1609 511 1202 1581 692 2005 1086 1801 47 456 1549 1498 1333 66 1893 537 
1612 1312 790 1443 1971 465 496 391 796 1298 1894 803 224 464 873 2025 697 234 955 1472 1743 594 335 455 950 445 921 2036 283 273 484 390 1750 152 1249 331 1354 1927 1417 707 446 567 834 1195 1133 326 1609 1994 1991 2008 1757 131 1162 1088 1905 507 502 1633 562 874 2021 1186 1803 1096 
541 1157 2011 567 1994 436 67 1452 1844 741 1206 549 1067 1390 731 1172 1606 1864 437 1194 861 1316 1688 306 958 774 1362 1189 525 1749 545 679 1199 253 2023 1105 1517 583 947 240 1605 938 1535 1183 871 107 2037 356 404 1478 1556 1484 1368 267 1254 1702 1805 1002 152 1582 1989 1235 897 1432 
1886 900 1730 475 1859 1504 1781 443 354 255 334 1554 360 102 561 1418 1917 1181 365 1086 2005 1133 1622 1930 1161 1755 1885 54 832 1235 1244 741 1046 662 19 368 1147 203 1654 462 1294 1379 1626 1952 373 534 30 303 152 171 1240 281 845 1922 1535 1246 1069 1812 799 1753 1722 1687 1009 1506 
1512 984 1465 18 1521 1028 927 183 916 1273 754 1633 203 1391 1144 87 1732 1802 207 766 844 801 1298 127 78 1182 981 1258 1251 1586 526 1164 1039 402 1350 1253 1480 1356 1602 1339 719 936 1688 1785 1038 1506 1668 108 1931 1021 1030 1165 1006 1609 891 900 1156 696 318 1151 235 1087 1535 1347 
878 1969 705 35 1750 1139 1009 1911 148 775 1179 929 702 1148 1034 1344 565 2000 1004 788 1660 1356 1501 304 663 1678 149 2019 193 749 572 468 608 366 1212 907 1888 1443 233 528 1770 119 735 2017 1329 948 375 1502 669 1568 150 1619 150 1062 1582 2012 777 1022 1716 1522 1443 978 1530 1195 
1495 1476 1274 1522 1991 1540 1589 1761 406 1592 379 1222 731 1112 1912 1629 1942 1446 1119 1801 983 1554 1016 348 1930 72 459 1821 625 545 173 530 1291 627 107 1151 216 1700 1520 1633 122 560 698 262 1397 908 877 1135 954 592 523 728 1414 25 1427 988 152 1012 425 1559 411 710 1029 433 
1206 1675 1696 2044 1460 1180 1079 1594 1737 144 1999 643 1573 978 393 685 1249 1291 1450 1779 1153 319 1251 306 807 719 1369 1931 1074 1724 1804 1897 251 202 1802 212 1774 874 667 1211 295 1717 1532 478 1118 690 1548 488 1392 2046 227 344 1124 58 1186 937 157 1043 1361 1693 1515 1868 111 267 
1633 815 1086 552 97 962 1219 1882 852 1850 1048 722 297 92 568 1254 1154 1931 1367 1443 914 1952 1408 355 210 486 1097 720 722 1599 763 1083 8 781 455 1878 143 1249 1493 668 889 1124 1303 2007 1308 923 554 181 890 398 1553 630 1942 386 1523 1290 1758 1404 939 1760 1878 1926 1553 448 
132 30 319 869 659 1815 1582 391 577 910 994 914 1200 1100 1641 592 1399 1085 640 25 1089 821 232 1065 547 1845 1215 1178 1444 940 1570 1295 1687 1932 586 1588 1153 375 701 1413 407 169 1276 1904 1182 513 70 578 536 404 1648 646 1895 1201 1078 17 556 460 1830 783 1835 994 541 1140 
1338 672 1928 1180 349 597 1472 107 254 1355 882 1158 439 412 47 2047 763 1176 782 1826 208 992 410 1160 763 174 403 1253 203 2028 493 1771 1582 729 1989 341 1351 1747 553 1484 1344 1093 945 821 48 916 325 1673 27 557 286 1814 1658 1081 2002 1482 1504 395 948 1701 879 1811 572 1353 
13 894 1815 972 1446 1589 1900 635 1950 1172 1837 540 1220 1009 1252 847 398 215 1144 1893 1536 667 57 246 1451 334 1961 1154 980 1392 1310 1469 124 57 549 1313 162 1115 1344 960 1776 1210 1340 1968 1372 1624 990 1885 717 1389 344 1376 1386 233 2045 1963 658 896 1360 678 597 296 615 1347 
861 359 1804 1139 886 418 1318 355 1342 1447 1016 2048 910 77 1900 861 581 1836 1195 642 239 108 1026 794 1011 1254 2003 495 451 228 571 1641 210 1217 339 475 1215 1473 398 1707 1756 80 1875 89 1213 636 218 142 1430 281 975 1055 713 55 813 788 1952 1907 661 1977 2025 1896 573 257 
296 265 114 734 1473 207 1830 1726 373 732 1291 309 295 34 358 1091 940 1993 1215 2023 1430 1563 539 564 783 128 460 1366 828 11 117 1133 1704 1759 1877 103 522 793 932 774 130 697 1771 1583 244 1194 991 1147 2038 963 1414 72 1955 752 686 1216 660 1949 1815 1894 1796 1867 1095 880 
